0000000004
0000102000
1000122002
1010122208
0000000004
2000100006
2200101002
0000000004
0000120000
1000120022
1010120226
0000000004
0020100006
0020121008
0220121010
0000000004
0000120000
1000120022
1210120026
0000000004
0000120006
0002121000
1022121008
0000000004
0000102000
1000102027
1002102122
1212102125
0000000004
0000102000
1002102008
0000000004
0000100022
0010100226
0000000004
2000100008
2000120016
2000121212
0000000004
0002100006
0002101202
0000000004
2000100006
2002101002
0000000004
0000100022
0010100226
0000000004
0000102000
1002102002
1012102027
1012122121
0000000004
0020100008
0020100210
0000000004
0200100006
0200121002
0000000004
2000100008
2000120016
2200121012
0000000004
0000102000
1020102008
0000000004
0000102000
1002102002
1212102008
0000000004
0000102000
1020102008
0000000004
0002100006
0002101022
0000000004
2000100006
2000101208
2020101211
2122101215
0000000004
0000102008
2000102013
2001122012
2211122017
0000000004
0000120008
0002120016
0202121010
0000000004
0000102002
0010102208
0010122210
0000000004
0020100006
2020101001
2120101208
2122101215
0000000004
0000120006
0020121008
0022121010
0000000004
0000100200
1000100226
1000121222
0000000004
0000100020
1000120022
1010122027
1210122123
0000000004
0020100006
2020101001
2120101025
2120111223
0000000004
0200100008
0220100010
0000000004
0000100026
0002101020
1002121022
0000000004
0000100208
0000102212
0010122210
0000000004
0002100000
1002102008
0000000004
0020100006
0022101000
1022101208
0000000004
0000120006
0000121022
0000000004
0002100000
1202100006
1222101008
0000000004
2000100006
2000101022
0000000004
0002100000
1022100006
1022101025
1022111221
0000000004
0000100026
2000101022
0000000004
2000100006
2000101208
2020101211
2120121213
0000000004
0200100008
0200120012
0210120210
0000000004
0000102000
1002102008
0000000004
0002100000
1202100008
0000000004
2000100008
2000100212
2210100216
0000000004
0000102008
0200102012
0210102210
0000000004
0000120002
0010122000
1010122208
0000000004
0200100008
0200102010
0000000004
0000102000
1000102027
1000122122
1210122123
0000000004
0200100000
1200100208
0000000004
0200100008
0200102012
0212102010
0000000004
2000100006
2200101002
0000000004
0000120002
2010120008
2010122013
2211122017
0000000004
0000100020
1200100026
1202101022
0000000004
0000100202
0012100200
1012100226
0000000004
0000102000
1200102008
0000000004
0002100002
2012100006
0000000004
0002100008
0022100016
0022101210
0000000004
0020100008
0020100216
0022101210
0000000004
0200100002
0210102000
1212102008
0000000004
2000100006
2000121002
0000000004
0200100000
1200100026
1220101025
1222111027
0000000004
0200100008
0200102010
0000000004
2000100002
2010120006
0000000004
0002100002
0212100008
2212100016
0000000004
0200100002
0210100020
1210100226
0000000004
0000102002
2010102003
2011102208
2011122211
0000000004
0000102002
0010102208
0010122210
0000000004
2000100006
2002101008
2022101011
2122121017
0000000004
0002100008
2002100016
2202101012
0000000004
0000120002
0010120026
0000000004
0200100002
2210100008
2210102013
2211122017
0000000004
0020100006
0022101000
1022121008
0000000004
2000100002
2210100008
2210120016
0000000004
0000100026
0000121022
0000000004
0002100002
2012100006
0000000004
0000100020
1000120022
1010122027
1210122123
0000000004
2000100002
2010120006
0000000004
0020100006
0020121008
0220121010
0000000004
0000120008
0002120010
0000000004
0000102008
0200102010
0000000004
0000102008
0020102010
0000000004
2000100006
2020101001
2120101208
2120121213
0000000004
0200100000
1200100026
1200121022
0000000004
0000100206
0002101208
0202101212
0000000004
2000100006
2000101022
0000000004
0000100020
1000102027
1002102122
1012122121
0000000004
0000100022
2010100026
0000000004
0000102000
1200102008
0000000004
0200100006
0200101202
0000000004
0000100208
0000120216
2000121212
0000000004
0000100026
0002101022
0000000004
2000100006
2000121008
2200121012
0000000004
0000120000
1020120008
0000000004
0000102008
0002102010